5068
5137
5254
4917
5009
5113
5142
5105
5190
5103
5167
5095
5042
5223
5242
5268
5364
5198
5173
5080
5188
5053
5205
5060
5151
5053
5242
5102
5132
5095
5036
5108
5130
5146
5134
5153
5111
5029
5166
5140
5045
5143
5094
4968
5087
5271
5065
5253
5222
5192
5211
5298
5100
5245
5188
5308
5037
5116
5114
5201
5215
5208
5170
5231
5260
5152
5121
5220
5176
5075
5095
4986
5144
5120
5259
5243
5161
5241
5384
5234
5115
5013
5204
5155
5228
5096
5289
5198
5296
5204
5079
5258
5118
5018
5207
5226
5087
5207
5132
5055
